192
142
90
124
180
150
80
54
76
174
316
368
362
308
158
98
154
176
160
84
18
78
96
90
84
112
250
202
40
32
162
186
38
80
86
54
34
28
14
18
106
232
230
98
36
42
38
36
40
36
30
24
24
24
8
10
22
26
24
18
20
18
8
12
14
18
18
14
8
18
32
36
40
66
162
270
282
224
132
52
32
20
14
38
180
304
242
106
56
48
18
6
28
58
238
212
80
76
124
48
18
56
150
168
102
58
228
302
308
260
188
132
64
8
80
120
162
138
28
54
74
66
68
202
248
116
6
16
72
174
152
38
50
62
66
62
42
142
234
214
100
24
20
30
30
30
40
38
32
32
34
26
16
24
26
20
12
14
20
12
12
20
20
20
12
16
14
26
36
34
32
32
60
142
234
280
258
184
132
140
172
240
300
232
82
34
54
42
56
38
34
56
222
280
184
90
56
12
30
54
114
134
100
200
304
188
130
94
44
36
72
44
80
74
112
146
78
28
56
70
192
252
158
42
16
36
74
62
116
122
110
98
92
142
194
218
180
76
12
2
10
24
24
22
34
38
34
38
46
42
26
16
8
6
4
12
26
16
22
22
14
14
14
18
24
32
38
38
30
16
16
38
90
184
228
208
178
188
206
196
150
68
16
32
36
10
36
42
38
46
140
238
258
98
106
40
48
74
138
158
22
282
220
46
42
42
20
24
58
66
102
104
90
100
86
90
142
238
262
164
58
62
46
62
66
32
14
88
144
152
154
176
150
90
70
30
10
12
16
16
22
24
30
34
34
38
48
50
44
30
18
16
10
14
28
22
26
22
16
24
26
22
28
38
46
46
36
22
8
30
40
64
52
52
48
44
22
40
46
20
20
30
22
4
12
18
14
34
74
132
218
156
176
62
62
88
160
126
148
296
110
48
10
44
42
50
60
76
112
120
82
106
238
296
266
236
148
94
76
76
74
62
30
26
26
66
62
26
24
36
18
36
78
52
4
10
8
6
16
28
30
30
32
34
42
44
40
34
20
12
12
16
24
24
18
14
14
24
22
18
34
48
54
54
48
44
66
106
106
86
66
40
40
60
66
72
82
54
20
24
16
6
4
6
12
32
62
82
130
134
254
152
114
142
184
32
264
236
18
36
16
28
30
44
50
62
78
84
54
122
324
302
124
70
46
60
70
94
112
80
40
34
24
66
46
24
22
24
22
24
60
56
18
30
16
8
14
28
32
32
34
34
36
34
28
30
22
8
10
16
22
26
18
8
14
20
18
22
44
54
56
62
58
78
120
100
62
44
10
14
28
44
38
56
90
84
42
12
4
10
8
10
12
26
58
72
82
102
286
228
154
164
136
86
288
142
18
26
20
2
6
18
32
42
36
46
34
122
302
172
38
52
46
34
26
68
98
82
50
38
32
68
14
26
38
44
52
52
58
64
28
32
32
22
20
22
14
18
30
40
38
30
24
26
20
8
14
22
20
30
22
14
26
24
20
30
46
46
40
34
48
110
100
38
64
44
12
16
26
30
20
18
72
98
74
26
12
14
14
12
8
18
40
52
64
70
206
192
150
112
74
162
240
108
18
20
28
12
14
20
24
30
24
50
54
142
290
120
56
42
38
30
32
62
64
58
46
34
44
28
56
74
66
56
66
90
88
74
34
26
32
30
30
30
22
18
26
36
36
30
28
30
14
4
8
12
4
22
20
22
32
22
20
30
36
34
26
36
74
120
24
74
68
40
24
34
38
32
18
6
48
98
104
52
24
24
18
14
28
40
38
44
56
50
118
108
100
102
112
222
302
158
36
14
16
10
18
22
20
36
30
48
76
176
288
94
52
26
32
20
24
48
52
48
46
40
22
46
110
88
74
56
60
80
88
88
52
30
30
22
18
22
16
22
34
40
40
40
40
34
16
12
16
20
8
12
14
24
28
18
16
22
28
34
22
22
98
96
54
94
62
30
12
30
46
44
26
14
26
68
106
74
32
38
34
32
36
36
32
30
36
30
92
72
62
84
112
220
344
222
66
32
16
14
8
18
28
44
44
62
98
260
282
52
52
50
34
16
32
48
38
46
58
46
38
84
98
52
54
82
150
260
156
114
54
18
28
24
14
16
10
16
24
34
42
46
42
28
14
10
18
24
12
6
6
22
20
10
8
18
26
30
20
40
100
60
48
50
30
20
6
16
30
44
36
16
10
40
76
64
30
40
40
58
56
40
26
16
20
14
82
72
62
80
94
162
332
312
142
50
6
12
14
28
38
46
34
50
160
352
234
18
18
46
68
56
70
96
68
42
48
52
68
62
58
36
68
108
338
466
568
286
60
28
24
26
18
12
6
8
16
30
38
42
34
20
14
10
16
26
18
6
10
20
16
8
12
22
28
34
42
92
152
110
98
100
94
80
44
26
42
42
24
18
8
40
60
42
18
24
20
50
62
44
28
16
14
14
46
52
50
72
94
98
238
374
280
120
34
14
14
16
12
22
12
86
284
338
134
4
6
12
38
44
58
90
72
28
64
64
42
54
72
74
96
178
408
222
672
730
474
138
20
32
16
14
10
10
16
26
38
42
32
20
14
6
12
20
18
20
26
26
14
8
12
18
36
68
102
152
180
122
102
106
104
122
122
80
52
46
32
28
18
56
80
44
8
14
16
36
56
50
30
22
2
4
8
18
24
48
106
94
122
294
342
218
106
56
38
26
30
62
100
222
330
230
96
24
22
10
18
32
52
74
74
50
38
56
58
64
72
80
90
122
508
400
170
546
760
648
316
50
30
22
12
12
16
18
36
46
38
28
26
20
22
26
30
34
36
28
16
10
160
246
200
114
122
106
100
42
26
40
38
62
114
128
64
44
34
30
36
60
88
40
16
14
16
32
54
46
28
22
16
18
18
12
12
20
80
94
66
146
256
274
208
138
102
76
108
152
218
298
252
110
88
54
12
14
40
58
84
98
64
20
56
86
92
100
96
78
60
68
420
534
140
74
306
636
734
516
194
12
26
4
10
16
26
34
34
30
28
26
18
20
28
28
24
18
18
24
526
548
564
132
58
42
110
88
30
6
34
46
54
108
100
40
40
38
16
80
110
26
28
20
34
42
58
50
28
16
20
16
34
32
16
6
30
76
112
112
94
184
224
212
194
166
196
212
254
242
124
44
70
62
4
40
70
94
126
120
62
44
22
48
92
106
122
94
72
94
322
602
238
76
52
104
412
682
670
382
96
8
4
18
22
28
28
28
24
28
30
18
24
20
14
12
20
164
812
462
682
222
16
30
100
106
72
36
54
60
48
88
116
80
26
6
72
136
86
14
30
10
30
44
62
52
38
20
24
8
38
38
26
22
24
66
136
112
66
54
84
124
146
140
150
168
194
138
42
24
70
60
20
70
104
144
184
150
136
136
110
98
62
56
94
98
68
72
184
582
366
80
54
66
60
174
516
698
556
250
42
16
22
26
24
24
22
24
32
22
18
16
12
18
18
418
844
182
598
300
26
42
70
98
104
84
58
68
60
80
110
98
48
94
132
92
12
32
26
4
32
56
60
52
44
14
34
6
38
34
28
30
22
46
142
130
54
48
18
26
66
82
104
124
116
52
14
4
58
62
46
94
136
184
202
140
150
168
168
176
156
76
30
74
52
28
82
504
462
64
84
58
62
94
40
288
596
664
438
148
24
4
20
16
12
10
16
16
12
12
14
8
142
670
660
60
502
376
42
24
26
68
110
122
98
56
18
24
76
134
128
106
60
16
30
28
10
14
36
50
46
56
44
8
30
16
52
38
24
30
34
50
106
138
90
56
32
76
100
84
72
54
28
22
40
26
68
52
58
88
126
168
172
138
130
168
178
200
196
132
26
42
44
24
22
402
522
80
104
48
44
56
96
92
76
412
678
612
276
34
12
6
6
12
12
6
12
14
30
34
386
752
340
80
426
462
58
12
4
34
82
110
118
114
90
90
118
116
78
88
108
124
110
76
30
14
26
42
50
60
44
6
26
16
68
52
26
26
38
36
80
112
70
62
56
98
90
26
12
22
30
34
48
36
64
28
54
62
104
156
176
168
114
166
208
268
286
208
74
12
30
26
20
292
538
160
126
54
58
58
68
86
122
70
230
588
582
338
114
12
4
8
6
10
12
28
34
154
624
592
54
36
348
534
136
28
8
20
64
88
90
100
92
48
48
142
150
142
152
132
158
164
130
74
46
56
68
70
56
20
22
18
72
64
36
20
34
28
50
112
72
30
34
74
46
26
42
28
30
38
24
52
54
24
50
76
130
158
152
122
46
38
136
254
356
326
154
30
34
22
16
188
500
222
140
66
66
60
66
72
80
130
108
264
272
466
500
212
18
8
10
10
12
24
38
374
686
292
56
66
248
560
232
28
4
18
52
70
50
46
84
130
98
102
80
46
48
38
80
140
188
178
112
70
78
74
60
42
24
22
78
78
50
14
30
20
30
102
122
60
12
48
18
36
36
28
40
20
52
84
24
32
68
112
108
110
190
198
174
126
28
68
204
314
228
82
46
40
40
110
428
242
132
68
56
48
54
72
86
112
142
294
116
114
494
584
272
34
6
6
18
16
160
608
522
50
30
64
142
544
338
28
8
12
44
74
54
102
180
122
30
58
50
16
20
12
30
56
136
206
184
98
74
76
68
64
42
54
74
82
58
10
26
32
24
50
110
118
44
28
30
36
24
32
38
72
104
54
6
44
108
104
32
78
150
184
208
198
132
170
160
174
242
136
62
54
58
94
352
236
132
80
58
50
48
64
86
108
188
242
120
210
42
472
612
260
12
8
12
48
438
664
238
32
28
58
44
494
440
36
12
4
24
64
82
176
150
14
66
66
34
10
24
24
36
56
56
158
214
150
82
72
68
62
54
74
58
74
58
22
12
30
22
14
44
92
96
60
46
52
70
94
96
96
66
12
14
74
122
54
8
22
70
134
188
184
130
106
48
82
212
186
84
50
56
80
304
210
130
78
48
40
34
46
76
72
218
154
94
108
146
44
528
536
116
28
6
254
652
432
26
40
38
52
46
408
526
98
16
16
14
50
144
186
50
62
72
44
16
12
34
34
40
56
34
104
200
176
76
42
38
30
44
98
54
60
48
26
6
14
18
22
16
28
56
78
94
104
100
90
82
48
24
28
32
96
86
22
16
16
4
56
114
118
76
34
64
72
184
252
206
166
156
98
284
156
118
58
24
22
18
34
72
70
206
32
134
118
94
90
222
560
260
32
138
558
574
120
44
42
36
36
92
298
568
178
18
38
32
72
170
124
40
66
50
36
16
16
42
42
32
38
24
52
160
160
68
32
28
20
40
102
66
66
46
18
12
30
34
30
16
8
12
20
30
38
24
34
42
38
30
34
62
106
54
12
10
14
6
52
104
142
132
120
118
100
122
202
222
220
240
196
230
114
100
46
30
32
22
34
56
126
136
76
146
126
88
68
96
460
308
136
492
638
260
14
18
32
34
40
102
196
574
246
44
86
66
130
220
148
34
32
28
30
16
32
44
36
24
38
38
56
178
180
54
32
24
30
34
84
78
66
40
10
18
30
30
30
26
26
40
46
44
34
18
22
20
20
14
16
82
114
48
22
54
112
200
288
342
332
188
100
32
46
28
30
28
36
46
96
48
142
78
54
36
26
22
42
18
146
32
136
140
118
76
68
98
412
322
518
642
336
42
22
52
54
50
50
84
108
576
372
56
110
84
142
256
186
50
14
20
24
10
38
56
52
36
32
34
62
174
148
48
44
30
44
42
90
62
46
30
12
16
26
24
26
26
24
36
48
50
40
20
6
18
40
50
40
108
222
234
298
378
408
410
358
252
140
122
122
86
116
94
92
96
98
88
74
64
118
74
48
26
2
26
54
62
98
82
160
128
100
72
68
132
366
258
636
338
88
58
74
66
60
50
48
62
32
532
522
68
66
38
76
220
210
70
22
14
18
8
26
42
40
36
36
36
50
158
134
32
32
34
50
38
88
44
38
34
20
18
28
24
26
24
22
24
46
54
46
30
24
64
152
282
424
560
610
526
446
362
236
112
20
78
100
96
132
106
68
76
44
28
24
16
12
48
20
146
112
178
54
76
54
78
58
152
148
112
80
64
72
202
258
246
326
76
70
82
64
46
38
32
38
46
52
438
590
160
36
28
30
180
234
96
20
12
24
8
20
36
30
22
24
28
76
196
144
34
8
18
24
18
70
38
28
30
22
20
28
28
28
22
20
10
30
40
42
40
146
498
712
736
684
572
414
228
96
44
92
136
126
104
62
20
106
176
34
64
48
36
20
8
24
34
44
212
284
370
246
100
68
128
74
152
114
88
60
100
146
288
332
320
394
36
48
46
36
26
24
26
36
36
66
352
612
226
28
30
6
124
240
164
50
22
38
24
36
46
40
18
30
12
172
226
108
18
8
12
10
14
56
32
22
24
20
18
30
36
30
22
20
6
20
26
30
46
126
370
408
324
206
86
36
78
82
68
74
74
62
58
36
34
36
158
138
14
54
30
16
12
22
20
70
198
356
246
426
206
96
108
80
116
84
58
84
222
196
316
480
146
502
86
30
36
30
28
30
36
42
32
70
278
612
278
24
36
4
70
194
228
142
40
32
24
52
70
62
40
40
144
236
146
36
10
12
14
8
10
52
34
26
22
22
26
44
46
36
32
30
20
30
32
30
40
96
488
788
712
382
64
68
50
40
48
82
98
82
50
28
44
58
62
154
90
30
36
16
20
20
28
48
152
402
172
358
356
252
122
46
78
58
62
210
310
94
286
514
14
484
162
56
40
38
38
40
46
48
30
62
216
574
292
20
42
12
52
122
196
206
144
54
32
34
78
102
98
158
236
178
60
22
20
16
30
30
26
48
32
30
22
20
34
48
42
38
38
26
20
26
36
42
42
40
86
250
536
652
470
158
42
48
76
124
126
84
50
58
76
64
44
64
146
56
32
30
24
20
28
16
106
398
220
158
274
368
300
106
66
54
178
352
220
98
250
498
80
472
204
58
44
46
46
44
42
40
26
44
252
608
298
18
54
26
38
70
110
160
198
170
118
126
140
184
188
218
164
70
34
32
28
22
24
30
54
48
22
22
16
12
30
34
22
20
16
2
8
6
20
32
36
82
110
98
100
294
496
488
272
52
100
128
92
70
72
80
60
32
44
30
80
124
32
32
28
26
42
38
66
380
302
46
114
228
338
286
122
128
378
340
70
100
222
478
110
474
230
58
48
46
46
40
32
22
20
12
398
652
234
26
48
14
20
42
56
78
122
156
164
182
168
162
148
112
76
48
36
30
12
18
44
74
114
66
28
18
8
6
22
20
10
24
34
24
18
12
18
14
32
90
84
72
106
118
76
290
468
372
112
96
82
88
76
58
26
22
22
44
10
86
108
42
36
30
38
18
34
364
368
6
70
84
162
264
262
296
488
170
124
94
198
460
170
470
276
62
46
42
44
44
32
24
14
202
652
582
118
46
54
20
16
22
24
38
40
66
86
82
66
58
46
50
62
54
42
30
50
56
66
74
96
50
38
18
6
8
18
18
12
18
34
38
40
36
28
18
40
66
60
80
120
112
78
58
166
434
364
58
112
66
42
32
16
26
32
46
56
20
62
86
68
78
108
122
118
280
358
56
80
60
64
134
230
400
378
116
146
98
184
438
250
422
324
50
40
44
52
40
22
16
138
568
714
320
50
52
48
20
14
20
10
20
26
44
40
18
24
28
46
54
50
44
48
60
38
30
28
36
64
32
22
10
6
12
14
16
20
32
34
36
40
44
38
30
58
86
64
90
124
104
68
130
100
102
310
186
98
140
44
52
34
30
30
80
152
212
226
252
300
342
372
368
354
374
358
88
76
64
50
60
134
290
154
104
140
106
172
416
322
386
390
24
44
40
4
98
76
44
446
750
392
66
44
56
38
16
12
10
4
2
10
32
38
28
50
38
106
64
12
58
62
28
44
46
28
46
66
36
12
14
10
8
10
18
26
32
30
24
26
26
30
34
60
94
88
94
98
74
48
128
132
174
270
158
18
134
98
32
92
152
164
180
230
296
364
404
382
346
306
250
218
186
160
86
46
36
38
28
114
156
34
106
122
98
146
348
290
428
466
84
84
52
104
146
104
224
772
540
66
38
50
48
36
22
24
20
14
16
48
64
10
168
376
610
498
450
108
96
38
12
34
50
50
46
48
38
42
20
8
12
14
26
28
26
20
12
16
18
18
28
66
106
98
110
130
92
24
110
128
202
242
104
32
94
104
86
130
82
10
84
216
362
450
360
106
68
72
20
22
38
28
74
62
30
20
54
104
124
30
102
110
86
148
406
460
756
492
108
84
74
146
32
36
664
742
186
18
34
56
52
42
22
8
26
26
12
126
326
564
770
870
716
512
426
66
102
28
40
58
66
54
28
42
54
68
40
22
16
18
30
34
22
12
4
4
4
8
18
60
120
118
116
130
96
82
70
102
146
158
48
98
76
36
18
94
168
186
182
188
262
470
716
590
200
40
44
48
42
22
28
36
20
54
74
82
86
34
84
108
84
130
324
484
472
142
44
108
188
88
24
424
684
210
96
56
38
38
38
36
34
106
204
342
532
708
796
774
652
402
250
862
544
66
84
28
46
60
68
36
6
42
76
74
44
30
16
16
32
34
18
20
10
12
8
18
24
42
110
148
152
148
116
94
72
66
90
114
20
124
84
28
22
54
48
82
92
60
30
24
336
450
230
110
46
46
22
8
18
50
102
100
66
48
56
22
72
114
82
110
180
96
40
102
120
192
184
70
298
564
202
224
248
256
368
440
450
458
532
640
704
736
720
594
386
196
60
322
874
718
112
118
68
28
46
56
42
6
32
30
66
74
44
28
16
20
36
30
20
24
18
8
14
32
28
28
70
134
182
188
158
112
74
40
46
62
54
160
74
46
94
144
224
240
134
68
82
38
328
332
258
452
470
168
12
2
12
128
200
94
28
24
50
46
60
100
66
136
54
46
84
104
166
226
176
288
556
378
74
28
116
502
632
574
560
558
580
552
448
316
174
46
28
26
186
736
798
244
48
82
52
16
36
36
34
36
42
22
46
64
46
26
14
24
40
30
28
30
24
12
22
36
26
18
38
92
172
216
196
160
130
72
48
62
106
116
26
86
92
82
112
246
354
290
80
92
402
526
536
360
586
562
190
22
52
192
286
26
70
20
56
48
62
68
110
70
38
72
104
150
240
282
320
490
430
118
134
148
388
598
284
132
110
88
64
28
30
40
38
18
16
60
550
836
362
14
24
88
80
32
38
44
34
26
30
24
44
52
44
26
8
28
38
20
24
38
36
20
20
28
16
4
24
62
134
204
226
202
198
184
124
36
58
48
68
80
80
66
40
64
194
384
418
192
86
136
358
544
408
176
386
172
154
422
694
500
282
412
464
320
26
64
64
34
74
88
110
200
338
384
410
388
150
42
24
430
770
414
28
38
30
30
20
8
4
12
14
6
18
376
748
434
114
58
6
72
106
66
36
30
24
4
8
10
52
50
36
22
4
26
24
8
8
26
32
20
8
24
26
10
14
44
100
168
214
190
178
210
130
22
44
54
78
78
70
58
40
34
30
122
358
468
542
758
714
516
500
484
186
242
172
578
454
918
764
958
952
798
150
40
20
76
108
172
284
390
444
380
306
174
20
16
352
802
552
74
42
52
50
40
26
14
10
14
18
8
238
678
522
90
152
140
56
34
100
94
40
20
16
6
10
8
50
64
50
30
12
34
30
16
2
18
24
18
6
20
20
10
6
28
68
122
174
164
160
258
150
4
38
70
78
70
58
58
46
52
42
38
98
314
510
414
168
38
26
272
384
172
102
636
364
408
662
536
674
942
398
78
108
126
102
222
464
564
480
306
168
48
2
276
782
674
158
36
34
48
56
48
36
22
16
18
12
124
554
600
126
82
112
172
120
14
66
110
88
36
28
24
14
16
66
66
56
32
20
32
36
28
8
16
26
18
10
26
54
72
68
44
28
50
94
126
324
308
54
24
64
58
58
52
52
64
64
54
62
76
214
276
164
52
24
42
56
22
128
220
216
542
808
608
408
252
560
748
330
78
48
28
50
258
552
592
404
166
64
30
200
728
768
252
32
36
38
44
52
50
42
28
20
18
68
412
588
216
80
56
74
142
154
58
20
74
108
84
40
12
10
14
72
58
46
16
18
20
32
36
18
16
28
68
126
170
184
174
182
178
154
86
52
318
458
152
4
62
62
48
46
48
56
70
84
72
86
156
274
206
88
56
62
60
68
56
44
62
134
308
568
792
886
708
844
820
306
54
62
68
80
144
392
690
878
814
516
182
664
840
354
26
24
30
32
38
44
46
44
32
24
42
338
566
292
84
78
70
70
108
138
72
22
40
64
86
84
68
68
70
120
46
30
2
14
18
34
44
26
30
110
210
238
196
136
116
118
142
186
208
204
496
312
28
22
68
58
50
48
56
62
68
78
56
96
250
260
98
10
64
138
176
226
106
132
78
24
72
174
272
476
554
592
396
108
36
28
12
8
14
30
56
312
644
852
582
834
476
60
28
20
20
22
26
30
34
38
30
30
312
584
360
22
40
54
62
82
108
116
50
20
44
38
42
56
56
66
66
94
22
24
12
0
10
26
38
26
98
226
236
138
46
18
20
6
6
38
132
354
416
88
20
52
66
60
56
56
66
68
66
66
80
142
84
196
470
568
596
674
598
600
258
96
132
26
16
34
42
72
88
60
64
56
22
36
42
38
48
52
58
78
62
342
362
318
98
56
22
42
34
24
32
38
38
24
66
346
634
440
54
30
20
54
100
108
112
110
38
32
38
12
18
22
26
24
14
38
24
20
14
14
8
24
36
28
178
212
92
32
28
26
22
16
18
20
170
348
164
26
22
56
68
68
66
64
68
66
72
44
72
276
518
702
748
634
544
430
498
512
264
20
152
66
16
50
46
46
56
42
14
52
142
128
74
86
92
96
96
94
100
118
130
150
192
268
296
198
64
40
34
30
46
176
470
694
492
94
54
20
46
92
120
102
104
94
16
32
16
10
14
18
18
14
12
40
20
14
8
12
18
44
34
98
204
114
30
32
32
20
24
20
30
68
322
252
36
16
44
56
68
72
68
64
62
72
10
258
538
624
514
376
254
94
38
270
774
560
182
62
152
96
24
86
90
68
100
94
54
90
366
364
420
146
156
172
190
216
246
280
320
352
382
410
488
572
458
286
260
292
408
636
714
446
92
64
62
40
74
114
108
90
104
70
4
24
8
14
12
8
10
26
40
48
36
24
12
16
30
54
22
150
164
38
16
20
28
16
16
22
8
240
384
120
50
36
58
62
68
74
68
58
70
26
278
602
536
248
52
38
58
46
42
494
680
242
176
120
124
122
294
304
444
140
28
90
78
150
452
506
694
538
290
344
390
420
426
414
368
302
246
204
182
348
522
548
624
640
642
574
298
34
46
60
58
48
92
112
86
84
88
38
24
22
4
8
8
14
28
36
66
48
48
40
22
26
34
50
44
154
114
24
26
26
32
24
20
38
114
410
286
52
38
50
58
54
60
66
58
56
64
168
542
494
152
14
24
70
58
52
102
556
486
106
166
154
70
250
730
428
734
302
114
44
44
84
582
758
228
686
428
360
300
240
176
110
76
34
118
214
210
200
248
328
356
294
200
70
34
36
36
48
44
40
78
94
96
102
64
22
16
4
8
4
16
14
24
40
90
50
34
38
32
30
34
46
60
162
104
10
24
24
22
10
18
24
332
426
110
48
30
34
34
30
32
42
50
62
34
432
570
268
74
76
86
100
72
102
190
532
400
114
142
172
102
656
914
320
766
398
138
154
76
46
302
918
554
252
382
202
82
46
40
56
92
64
164
258
190
126
70
46
94
88
78
58
54
28
32
42
46
36
66
96
112
72
10
16
10
8
6
10
12
12
36
62
112
46
14
12
24
30
36
40
76
162
96
10
8
24
32
34
42
230
492
266
44
34
48
58
52
42
32
28
52
74
198
490
210
190
252
250
250
248
214
240
280
492
388
146
108
168
412
974
642
212
688
518
140
148
132
128
44
690
772
130
144
200
166
152
154
152
170
150
84
332
226
70
64
60
60
60
34
32
88
88
66
50
58
58
96
114
76
20
24
22
16
6
14
22
30
40
60
84
120
30
12
8
16
20
26
24
82
184
118
26
22
34
52
34
106
438
426
84
56
52
42
158
254
302
318
346
388
396
360
234
264
466
460
474
512
548
546
572
580
490
302
192
96
138
800
848
232
84
558
614
232
164
140
120
108
446
808
262
68
54
68
64
54
46
70
130
136
90
282
126
34
32
44
52
48
58
62
108
114
86
80
82
96
74
14
34
30
42
36
34
36
28
44
60
68
86
100
34
2
8
16
16
12
10
64
188
152
46
26
34
44
48
338
550
200
100
140
274
470
566
568
536
504
500
554
640
394
82
288
230
162
158
172
202
248
308
300
294
144
214
88
528
898
434
44
56
418
672
402
254
206
138
134
228
826
634
150
30
16
40
64
72
70
64
96
146
266
408
122
30
18
42
70
66
46
40
78
70
60
56
38
18
20
38
34
52
44
46
32
30
32
54
56
60
52
58
6
6
12
22
22
12
26
154
210
106
40
50
12
110
404
190
318
424
430
524
540
392
258
184
138
132
150
346
426
252
130
102
86
76
68
60
52
70
14
192
34
222
222
830
630
102
18
62
218
470
408
382
346
240
176
50
516
852
758
506
300
364
424
490
540
570
590
592
484
720
552
72
36
74
82
60
38
4
16
14
10
16
16
8
32
46
22
40
30
32
26
24
26
48
40
24
44
74
18
20
26
34
28
10
4
76
206
214
108
48
14
136
386
346
518
392
350
328
198
54
50
56
32
20
38
224
474
252
70
78
56
42
42
46
54
66
50
198
40
208
546
810
260
14
34
26
478
504
74
310
432
386
296
180
8
292
642
778
646
704
684
662
606
536
464
372
266
516
824
490
48
78
76
56
26
8
14
14
8
6
22
40
58
50
18
30
28
26
30
34
46
56
48
20
18
56
48
44
46
64
68
40
6
18
104
236
248
140
60
122
220
256
234
202
216
170
84
46
58
52
28
16
48
234
462
216
58
84
68
52
44
48
54
58
58
186
74
104
728
548
36
6
38
280
900
464
524
160
398
392
404
338
244
194
32
234
254
254
190
132
70
22
14
44
52
106
550
834
522
138
60
24
22
28
18
12
2
20
60
70
62
38
24
16
18
28
40
62
62
64
54
20
10
48
16
12
14
42
82
94
52
14
12
116
236
238
194
174
164
168
198
212
160
94
54
42
46
44
26
16
48
234
472
208
48
86
78
66
52
44
52
50
56
150
116
370
678
266
24
42
148
730
884
248
684
318
396
370
382
390
350
334
244
76
40
40
34
32
28
22
18
18
24
14
142
550
840
666
298
68
32
34
30
14
14
56
92
70
40
16
24
14
26
36
46
54
52
56
44
30
26
66
42
38
34
20
10
68
88
48
10
30
82
132
162
172
176
162
146
100
54
38
28
30
36
38
22
22
48
238
520
248
44
86
84
76
64
54
50
40
50
94
228
544
482
94
34
118
646
896
454
154
758
528
190
362
398
382
348
410
420
174
14
14
8
10
14
18
20
26
24
18
16
108
446
792
808
514
188
34
18
28
42
84
94
46
22
10
12
10
30
22
16
30
36
44
48
60
72
104
40
38
44
38
40
26
54
64
24
32
28
30
36
46
46
52
34
16
16
12
4
12
22
30
24
30
42
200
544
312
44
84
86
80
70
62
56
48
52
38
330
590
308
58
132
652
906
510
88
38
618
934
494
12
296
394
348
374
538
406
100
38
38
22
24
26
24
26
20
14
16
10
50
270
622
824
724
426
152
28
66
102
82
22
32
26
20
18
30
30
26
34
40
52
64
66
90
126
16
2
26
32
38
46
34
60
44
32
34
26
18
16
10
26
32
26
2
8
8
24
36
34
24
34
36
140
518
356
42
76
86
86
76
68
60
52
52
20
388
604
206
212
680
886
496
94
26
22
240
706
934
738
258
166
276
346
618
684
330
68
62
52
32
30
24
20
16
12
6
16
16
6
96
358
676
812
676
396
124
72
44
22
36
40
34
30
42
44
38
58
72
80
70
54
68
104
18
16
10
14
16
30
22
62
56
18
24
6
10
14
10
16
26
32
18
14
28
40
46
28
18
28
30
102
490
390
44
64
84
90
82
70
62
56
54
50
400
612
182
752
808
422
70
30
26
26
16
128
488
856
862
450
148
220
480
804
752
340
104
72
70
52
34
24
16
12
6
8
12
14
6
18
130
410
688
788
638
356
130
50
64
56
42
22
34
44
56
76
96
88
58
42
42
84
18
22
8
6
6
6
16
60
62
16
36
18
10
10
8
8
22
32
26
20
30
38
38
16
14
18
16
74
444
416
66
50
80
88
84
76
68
60
54
76
376
660
512
722
300
48
34
34
30
26
20
28
16
262
634
782
660
246
146
440
808
798
466
198
86
44
18
8
8
10
18
22
28
38
52
54
52
46
176
412
634
710
584
274
58
42
36
14
34
48
64
88
92
66
40
30
16
102
20
12
4
4
8
6
22
68
66
28
44
44
18
6
4
4
12
26
22
14
36
44
26
4
6
6
26
88
386
452
114
34
78
88
84
78
70
64
62
92
266
396
334
268
90
56
42
40
32
26
22
12
16
38
62
442
722
316
42
56
316
662
788
658
478
338
224
156
122
106
104
110
122
148
194
246
294
346
410
456
452
400
394
268
64
24
28
10
38
62
82
92
76
46
22
8
16
118
30
30
14
10
12
8
34
78
54
14
20
38
38
18
0
8
16
14
12
30
50
36
12
2
6
26
58
48
336
504
180
16
74
86
84
82
74
68
72
260
548
340
278
220
114
72
50
44
36
28
24
16
14
30
50
448
844
332
56
10
34
160
412
618
706
722
684
634
598
576
572
574
578
598
632
648
638
626
600
562
558
562
498
268
48
30
28
40
82
104
100
92
68
36
22
36
48
134
16
28
24
14
16
10
46
78
30
2
2
16
32
36
28
22
16
16
34
48
40
20
8
8
18
52
50
6
254
552
288
12
66
86
86
88
82
86
348
594
552
298
384
250
138
90
60
52
44
34
30
20
18
28
44
580
786
192
38
16
30
22
36
114
238
364
450
482
484
474
458
444
418
392
364
310
238
180
134
102
88
62
32
26
32
24
20
74
102
100
90
78
50
32
28
60
72
140
8
22
30
22
8
8
60
66
14
2
6
8
12
20
28
36
40
42
40
26
14
10
6
8
34
58
22
20
142
550
424
34
44
80
78
76
72
348
572
426
154
164
408
346
160
106
74
58
50
40
34
24
24
18
110
682
668
68
24
14
22
34
34
6
20
18
22
50
46
36
26
22
24
20
10
20
36
30
20
18
20
26
14
18
24
8
54
84
74
58
54
34
34
32
42
72
88
142
10
12
26
26
16
46
78
52
16
8
4
8
8
6
2
8
14
16
8
2
4
6
4
14
44
42
8
18
36
462
536
104
18
68
64
58
274
522
358
78
4
56
322
472
268
114
86
66
54
46
38
26
24
16
170
712
536
10
2
12
16
26
38
50
34
48
56
78
82
68
58
52
58
72
66
54
50
46
46
38
18
26
26
24
2
50
74
68
46
28
46
52
54
50
56
84
98
136
14
22
26
20
54
86
64
30
14
6
6
8
8
8
2
8
6
2
6
0
2
2
2
18
40
30
10
8
28
328
590
220
12
58
60
162
466
372
80
12
16
18
146
462
484
206
74
74
62
52
42
26
22
30
204
702
450
38
16
14
32
36
94
154
108
160
88
62
102
94
86
82
62
30
20
40
50
42
46
52
46
50
40
24
24
64
52
38
26
18
28
40
66
84
72
98
100
118
40
54
62
78
96
70
28
8
4
6
0
6
10
12
6
10
4
6
4
4
4
4
6
22
38
24
8
4
40
196
572
334
22
60
52
378
428
128
14
22
20
14
24
236
558
472
144
44
62
58
48
30
18
36
200
664
408
42
16
28
42
52
194
232
138
238
154
60
94
92
78
154
244
238
214
158
28
32
24
26
40
46
40
38
46
50
30
20
18
16
30
78
94
94
82
88
68
74
76
76
82
86
64
30
12
6
6
4
2
2
8
12
6
4
4
6
2
4
4
2
2
18
38
24
6
6
26
92
520
448
58
40
268
498
226
30
18
18
18
18
18
36
320
626
482
140
24
48
48
32
12
32
176
698
462
28
12
36
8
140
278
244
134
276
226
82
80
88
254
352
286
222
236
348
232
28
28
30
22
20
18
48
64
62
42
24
20
38
94
136
104
88
82
50
18
56
56
44
34
24
8
2
8
8
6
8
4
2
6
10
6
2
2
4
2
4
6
2
2
16
44
30
2
4
8
18
432
548
144
106
542
450
146
34
20
16
14
14
14
12
62
354
700
606
200
26
34
32
12
26
126
698
566
4
22
36
46
216
296
198
116
288
296
110
46
230
364
210
76
58
72
240
352
126
52
44
62
46
16
26
58
66
56
42
58
98
146
136
70
78
80
66
50
92
14
8
6
16
16
8
12
16
8
2
2
4
8
12
10
6
6
6
4
4
8
4
6
14
50
56
14
2
2
38
312
606
270
366
674
264
236
96
22
18
16
18
18
16
10
72
330
832
784
288
30
18
14
12
58
638
732
146
16
14
106
250
256
134
82
262
324
186
72
336
272
90
92
102
102
108
344
242
100
60
100
82
52
20
38
64
64
48
82
114
118
74
38
52
66
70
62
102
6
12
10
14
16
10
12
16
18
14
8
4
4
6
8
6
4
6
10
10
10
4
4
6
34
70
44
6
6
38
188
616
366
608
572
120
242
236
130
38
18
18
16
16
20
66
166
338
940
852
312
34
8
14
12
478
802
354
42
24
164
252
198
78
46
198
296
232
150
388
254
140
162
132
124
74
286
278
96
68
106
92
70
42
6
46
66
52
80
86
70
46
32
40
58
56
32
68
14
14
10
8
12
12
16
12
12
18
16
10
4
2
8
10
4
8
12
12
18
20
18
12
6
52
68
28
18
26
70
562
406
688
358
80
136
248
270
172
68
22
12
20
26
70
168
144
420
876
756
348
62
12
28
292
756
506
98
62
208
230
136
74
94
196
238
258
266
416
232
98
112
92
76
30
172
188
70
46
74
68
62
50
30
38
54
58
76
70
68
56
36
38
60
64
28
60
12
14
12
4
4
4
10
8
4
12
12
8
8
4
4
10
38
54
62
70
68
66
54
42
26
18
56
60
38
16
16
414
400
544
166
28
28
84
196
256
194
94
38
34
40
72
164
146
120
416
644
694
420
104
34
146
682
650
158
112
232
188
74
60
142
154
152
214
314
332
142
40
74
64
40
94
186
136
38
34
54
42
38
34
38
44
34
44
64
72
74
54
32
32
50
76
54
62
4
16
10
4
8
6
4
6
10
16
10
4
8
10
0
46
76
68
72
82
74
92
76
58
50
22
10
36
52
46
32
176
202
216
46
6
14
20
34
144
228
184
84
32
34
60
152
138
126
222
240
516
718
546
218
46
562
764
246
160
216
134
38
110
128
48
80
188
234
184
74
48
80
50
42
158
222
164
76
70
78
68
56
44
32
50
40
40
62
70
54
38
28
32
42
66
80
104
18
18
12
12
10
6
6
14
12
22
18
8
6
14
16
86
84
52
64
68
48
90
88
58
56
50
30
8
20
24
20
18
16
8
4
2
16
26
8
26
130
200
154
68
28
58
150
132
132
230
146
224
460
674
620
354
332
840
372
182
178
88
52
110
54
38
108
132
110
56
28
58
76
30
82
218
262
176
98
82
86
70
54
36
14
48
60
44
52
52
32
26
24
24
38
42
70
118
16
14
12
12
10
10
18
14
10
20
16
12
8
10
50
112
68
40
64
50
24
62
82
52
46
54
44
18
22
18
4
0
4
8
6
4
8
24
24
8
50
142
194
172
112
106
166
130
134
180
136
212
232
350
602
794
334
628
534
186
160
58
66
70
4
62
100
98
54
16
26
66
72
10
116
248
232
96
72
40
56
42
24
10
2
42
70
50
52
60
52
48
44
40
42
44
62
64
10
8
10
8
20
64
102
108
96
96
68
42
18
10
58
92
30
24
52
24
2
38
54
30
36
52
46
26
22
4
8
10
14
10
12
12
8
12
20
14
20
56
114
164
164
128
140
116
126
88
118
210
264
224
256
586
842
518
340
170
162
48
108
92
24
64
106
106
54
22
36
60
54
16
138
258
194
32
48
18
30
20
8
22
20
42
82
68
40
32
38
18
16
14
12
14
18
30
8
10
8
80
168
204
186
150
144
166
160
126
52
8
44
100
46
30
42
10
18
66
76
26
32
50
22
18
16
16
14
14
10
6
8
12
12
10
16
14
18
16
26
54
72
104
52
88
112
28
102
122
202
188
78
78
424
406
178
164
172
94
170
180
102
68
118
114
46
14
36
52
36
32
156
270
182
48
60
32
34
18
14
6
26
60
84
52
112
162
208
220
192
168
160
162
166
176
12
20
126
222
218
146
70
48
54
96
144
178
146
104
58
64
58
36
40
38
78
106
78
38
54
52
10
14
16
30
20
36
40
36
10
8
10
6
8
10
8
8
6
4
2
66
14
80
130
24
106
52
120
124
80
80
48
108
134
168
150
126
170
246
212
74
140
130
40
14
40
54
34
38
172
288
182
62
72
44
28
16
24
34
34
44
106
194
292
280
262
296
296
282
274
278
286
324
20
134
238
182
70
8
24
18
4
16
70
174
264
288
246
150
68
10
36
78
112
102
54
34
30
12
16
20
10
28
82
142
122
130
72
4
14
10
10
4
2
0
2
2
4
70
14
78
144
20
122
28
96
160
130
64
80
106
158
144
102
94
88
192
252
150
148
144
58
66
52
76
46
56
188
284
156
40
64
50
30
24
24
12
76
156
220
276
246
164
120
144
156
154
154
156
162
240
102
226
176
40
10
14
18
16
8
52
178
252
212
276
272
232
200
108
36
70
72
38
20
22
28
30
26
14
10
62
194
194
154
192
148
28
20
10
12
10
6
6
4
4
8
74
14
74
172
26
142
28
104
190
152
60
86
50
134
174
160
136
66
78
198
172
122
140
60
102
76
88
34
66
180
272
200
76
38
12
28
20
64
156
246
250
190
136
76
26
8
16
24
20
20
18
24
100
176
194
58
6
8
14
18
20
14
136
238
180
74
146
180
184
206
178
80
50
28
36
56
68
62
50
48
40
18
162
262
172
150
206
182
40
24
8
6
12
12
16
18
20
14
70
14
70
210
42
170
34
110
204
164
46
96
4
110
174
186
174
134
18
116
134
66
106
52
78
58
52
14
74
168
262
262
204
158
104
70
146
232
278
250
136
52
14
8
12
16
22
32
36
36
36
42
110
192
116
16
12
10
16
16
20
38
176
192
88
38
88
130
144
186
206
136
40
60
68
68
68
38
30
28
36
74
250
264
128
140
208
186
44
26
12
6
10
12
8
10
8
16
84
28
66
216
32
184
36
112
208
168
28
106
50
80
158
204
218
192
86
66
80
18
70
42
26
44
18
44
74
108
172
210
224
232
212
186
266
264
190
78
32
70
58
52
56
66
82
102
108
102
104
112
158
162
62
12
16
10
10
12
18
52
164
146
62
38
42
88
112
178
218
148
46
82
66
66
64
42
44
60
10
172
286
222
74
128
218
196
46
26
14
16
22
26
34
48
84
120
152
108
76
214
26
186
34
110
212
170
18
112
74
40
118
184
244
252
170
100
88
26
64
52
24
40
76
98
78
24
68
122
202
280
258
164
180
104
20
94
142
146
148
156
164
174
188
196
186
170
170
176
194
124
38
6
10
8
6
10
22
52
182
184
100
36
30
62
70
162
210
108
14
50
74
90
86
106
96
32
126
262
260
156
34
124
230
222
60
30
50
88
118
138
164
196
224
218
150
184
86
216
26
182
36
110
212
178
28
118
84
6
56
94
122
164
174
144
102
92
82
64
54
92
150
172
112
104
72
168
186
248
264
106
28
78
158
202
212
214
210
192
168
154
150
140
122
108
108
106
116
104
38
32
8
6
10
18
22
30
162
226
176
96
64
136
212
286
236
104
6
78
134
118
94
138
148
48
240
278
188
86
28
114
230
254
100
98
166
216
240
244
242
234
214
156
188
226
94
208
16
178
36
106
214
206
86
148
80
32
180
290
264
120
64
150
194
210
184
150
102
124
228
282
212
242
162
152
92
118
222
130
84
114
140
130
118
106
84
48
18
16
36
40
28
14
12
32
42
92
32
36
22
6
8
16
14
8
98
214
242
192
208
308
324
276
146
12
94
176
180
116
88
146
160
102
282
226
112
36
18
92
214
272
154
202
274
272
240
202
174
142
96
104
182
234
96
206
6
180
30
94
200
216
130
124
38
116
314
366
254
224
260
142
78
198
248
274
194
118
250
274
180
258
186
134
62
102
222
190
58
36
86
116
144
162
164
136
138
134
128
130
110
88
88
118
118
132
100
26
18
8
12
20
22
16
44
134
216
186
268
286
210
116
28
152
228
246
182
94
90
152
150
160
268
158
56
10
10
66
180
250
178
262
290
214
142
96
68
38
38
136
248
258
94
206
12
170
48
68
98
122
80
32
52
218
346
278
128
154
280
306
174
60
68
192
186
28
170
178
162
306
174
126
128
252
318
196
24
20
54
80
108
136
158
150
140
124
130
146
146
132
122
146
130
132
156
80
28
48
48
38
32
26
28
60
142
132
192
124
76
18
136
250
262
218
134
118
116
152
118
192
224
100
20
6
16
50
128
180
138
226
208
110
50
20
8
58
148
270
294
210
74
194
22
160
162
210
220
186
126
90
148
290
330
200
56
66
174
254
240
230
200
196
200
60
208
192
164
232
136
162
290
400
364
170
134
64
24
2
12
30
52
58
50
48
66
86
100
100
80
98
98
78
140
144
114
96
118
108
62
24
34
78
114
138
120
82
78
44
160
258
210
130
80
126
158
184
116
190
156
52
0
16
30
64
68
82
80
138
108
42
12
8
22
76
204
326
226
98
48
188
36
114
288
326
294
230
198
140
178
314
296
148
36
42
110
164
150
144
160
156
138
22
166
158
130
226
104
274
370
418
304
294
260
166
90
42
22
16
18
14
8
10
8
14
26
28
16
24
56
30
94
218
176
92
150
180
120
88
108
148
124
88
72
72
52
60
168
240
148
56
26
82
148
198
138
132
80
26
14
32
58
94
80
24
22
58
68
44
24
64
78
158
224
284
94
10
44
186
50
18
276
250
152
122
132
82
174
300
224
86
12
24
68
120
108
48
32
40
22
64
196
172
120
196
132
338
378
290
134
230
294
272
190
100
42
22
26
22
20
22
20
24
34
36
34
42
82
24
206
330
208
122
150
246
216
152
126
102
36
36
28
24
24
80
144
254
188
58
8
32
80
134
120
30
36
38
42
70
106
138
106
86
90
112
108
60
122
170
118
218
334
330
130
66
56
188
34
76
334
280
132
114
132
2
198
240
118
70
48
66
76
96
104
50
6
6
8
54
178
150
90
142
94
280
228
74
14
66
166
234
226
156
66
10
18
20
22
22
22
26
32
34
38
34
76
